Sungrow Reconciliation — 15 samples, every 2s
VPS API: https://api.sungrow.wimluyckx.dev (device: sungrow-223)

Time      Age(s)    API_pv    HA_pv  delta   API_bat   HA_bat  delta   A_soc  H_soc delta    API_ld    HA_ld  delta    API_ex    HA_ex  delta    A_t   H_t    d
----------------------------------------------------------------------------------------------------------------------------------------------------------------
09:50:12       5         0      603   -603         0        0     +0    97.0    0.0 +97.0         0      566   -566         0        0     +0   11.5  11.5 +0.0
09:50:14       7         0      603   -603         0        0     +0    97.0    0.0 +97.0         0      566   -566         0        0     +0   11.5  11.5 +0.0
09:50:16      10         0      603   -603         0        0     +0    97.0    0.0 +97.0         0      566   -566         0        0     +0   11.5  11.5 +0.0
09:50:19       1         0      603   -603         0        0     +0    97.0    0.0 +97.0         0      566   -566         0        0     +0   11.5  11.5 +0.0
09:50:21       3         0      603   -603         0        0     +0    97.0    0.0 +97.0         0      566   -566         0        0     +0   11.5  11.5 +0.0
09:50:23       6         0      603   -603         0        0     +0    97.0    0.0 +97.0         0      566   -566         0        0     +0   11.5  11.5 +0.0
09:50:25       8         0      603   -603         0        0     +0    97.0    0.0 +97.0         0      566   -566         0        0     +0   11.5  11.5 +0.0
09:50:28      10         0      603   -603         0        0     +0    97.0    0.0 +97.0         0      566   -566         0        0     +0   11.5  11.5 +0.0
09:50:30       2         0      603   -603         0        0     +0    97.0    0.0 +97.0         0      566   -566         0        0     +0   11.5  11.5 +0.0
09:50:32       4         0      603   -603         0        0     +0    97.0    0.0 +97.0         0      566   -566         0        0     +0   11.5  11.5 +0.0
09:50:34       6         0      603   -603         0        0     +0    97.0    0.0 +97.0         0      566   -566         0        0     +0   11.5  11.5 +0.0
09:50:36       9         0      603   -603         0        0     +0    97.0    0.0 +97.0         0      566   -566         0        0     +0   11.5  11.5 +0.0
09:50:39      11         0      603   -603         0        0     +0    97.0    0.0 +97.0         0      566   -566         0        0     +0   11.5  11.5 +0.0
09:50:41       3         0      603   -603         0        0     +0    97.0    0.0 +97.0         0      566   -566         0        0     +0   11.5  11.5 +0.0
09:50:43       5         0      603   -603         0        0     +0    97.0    0.0 +97.0         0      566   -566         0        0     +0   11.5  11.5 +0.0

Done.

Legend: API=Sungrow VPS API (edge Modbus), HA=GoSungrow HA sensor (cloud)
Units: power in W, SOC in %, temp in °C
Sign: battery +=charging/−=discharging, export +=exporting/−=importing

Known issue: API data may be stale if edge spool is draining backlog.
Check Age(s) column — values >60s indicate stale data.
