P1 Reconciliation — 15 samples, every 2s

Time      Age(s)    HA_power  API_power  delta        HA_import      API_import  delta        HA_export      API_export  delta
------------------------------------------------------------------------------------------------------------------------
09:25:19       1         307        -11   +318        13973.300       13973.300 +0.000         2951.120        2951.120 +0.000
09:25:21       3         354        -11   +365        13973.300       13973.300 +0.000         2951.120        2951.120 +0.000
09:25:23       6         354        -11   +365        13973.300       13973.300 +0.000         2951.120        2951.120 +0.000
09:25:26       8           4        -11    +15        13973.300       13973.300 +0.000         2951.120        2951.120 +0.000
09:25:28      10           4        -11    +15        13973.300       13973.300 +0.000         2951.120        2951.120 +0.000
09:25:30       4         -36        220   -256        13973.300       13973.300 +0.000         2951.120        2951.120 +0.000
09:25:32       6         -36        220   -256        13973.300       13973.300 +0.000         2951.120        2951.120 +0.000
09:25:34       8          76        220   -144        13973.300       13973.300 +0.000         2951.120        2951.120 +0.000
09:25:37      10          76        220   -144        13973.300       13973.300 +0.000         2951.120        2951.120 +0.000
09:25:39       1          76        256   -180        13973.300       13973.300 +0.000         2951.120        2951.120 +0.000
09:25:41       4         103        256   -153        13973.300       13973.300 +0.000         2951.120        2951.120 +0.000
09:25:43       6         103        256   -153        13973.300       13973.300 +0.000         2951.120        2951.120 +0.000
09:25:45       8         123        256   -133        13973.300       13973.300 +0.000         2951.120        2951.120 +0.000
09:25:48      10         123        256   -133        13973.300       13973.300 +0.000         2951.120        2951.120 +0.000
09:25:50       1         129        180    -51        13973.300       13973.300 +0.000         2951.120        2951.120 +0.000

Done.
